4
1
3
V 1
18
torch.DoubleTensor
2
10 300
300 1
1
4
2
3
V 1
19
torch.DoubleStorage
3000
54.724228656653203 52.482906329993043 51.605379278009586 55.337839143926445 63.557104307232478 51.602806669293031 59.575530867143108 64.225846735636395 50.342712991887872 50.986627301302825 54.914036906849255 62.813889150908501 61.41478180740819 55.307474182591292 46.267353456670591 64.177809004350138 45.768995441089977 52.639900115042025 51.801189931233722 63.223019790649417 62.540866609053175 54.634509601015033 57.320268544283778 52.26558581265536 56.479870235558714 58.433667078885165 63.812151590983071 59.536454634232953 56.481176006432733 55.393505547263409 50.483240023526278 50.931970087687176 64.769768154259879 50.293705171527286 61.109994437477802 48.651565129829173 55.494379667802292 42.965337124737829 67.652228083755034 53.846479502591222 61.500897910378193 53.417015699906784 50.669940636374733 54.342100987289889 49.099774794145063 70.875936187397343 43.236934910398539 66.992075758269337 51.691167241876776 51.126864410169198 46.551339175484394 62.287841646599048 59.895195042003287 60.822429911295572 53.688744816635591 47.73399105361014 74.266702189589992 50.001132647196449 50.73625397537694 67.929644497958094 64.888013932199186 51.58097749189897 51.066014584628022 59.452423020565149 56.23471012693463 59.351757014881478 54.820430570660214 53.368561796708541 58.612623919862692 46.745367974945992 56.339104103319571 49.098946262128422 61.55923799456972 55.111537297566734 62.490385205817944 50.102796337821268 58.163439779570609 56.569728588335444 56.456236449877423 66.653017749208388 59.547366252089994 68.267679127779871 38.552492893103398 60.014943059285478 44.131282592542242 65.173063393795132 39.081443266435102 58.701190803990222 51.189639848651311 48.70536714033647 50.693849540479256 45.468431469888401 67.867394903934368 56.321644890669617 57.727145593816587 54.83955860715924 72.366654401836968 48.380000154899825 59.129339403094669 56.072819969870828 57.432748470884384 56.084230353615503 61.901711238514295 54.446817744861953 53.445203367869063 60.047549484715319 56.471737127593066 51.407633660056376 55.214782789981726 60.771799180001921 52.780604004137444 53.551065849535391 51.282808139107445 55.344803183006519 58.551141507697828 52.34707329200976 62.745469214699483 45.561586544730446 66.594900362419367 56.383593255823307 53.151572556929153 52.553768617456612 52.46119791811163 60.905238030173564 55.300392104640153 48.563004077564585 52.931625244834208 52.732591605908944 58.955545182661574 46.919602119561397 65.635037844108808 67.741921179222345 47.114452032609421 59.075988492098723 52.873484519033724 61.819217895739008 60.881384754180907 68.991769466978127 39.419173068711252 69.45054204536207 45.932149115475738 55.529090517217462 63.711507148453684 50.786689451969032 69.789239543856993 56.583092429421164 44.71656297336925 50.991804244301534 55.397445996602379 57.622998832933831 64.889821821270573 44.468518551913178 57.887542892224857 48.709089735782506 55.481157008084381 44.203040914824513 51.729189739805278 71.295302130959257 58.372897668318316 41.644654263872091 51.547122059446394 53.074367497184063 64.110278308752811 56.784628394155789 62.655551806363192 60.383222262064614 41.85929098418265 58.054486592610679 55.541438426393448 64.057773329994902 47.639149121082191 67.683959671945289 42.532291931817028 55.563166369813864 45.214068116563737 61.451096381563126 68.910755284627285 49.943474581024866 60.64235202326919 45.534765028231071 62.224503138571073 46.452203059918951 80.729343240911305 53.651934447433007 74.343126198739711 39.279761336066507 60.134320091478756 63.053644567547423 55.71312701485374 60.559959712172997 55.248792154138741 68.21115930730646 38.359405259652569 56.398844817190458 46.863149180556789 65.935644167119804 37.405123123978122 66.779282413829463 51.763686971953419 60.267920534538497 54.469227646336414 55.836394454493664 56.022104980006361 58.586088192101684 52.009475037545869 54.184142153190841 54.31977330410119 49.091554017500442 65.01819685733679 57.072122909083511 59.733078476876926 54.802406380393286 52.217168073943164 58.009766960144042 62.827132438890864 55.388975883252691 57.573304193670097 69.512005638353756 47.605367724100752 47.42839997609456 53.810598384972778 58.580150222778322 58.48918911327015 54.304928629326099 55.531923715996022 57.413220168604994 51.21537883642948 57.160006887262519 54.832059149308641 65.350862248738608 54.09743957519531 50.477015813191734 52.947788169167261 62.051651856393526 51.614838790893558 60.301362586743906 50.029231880650379 54.921934359001391 57.09855142073198 47.923076386885207 54.875251022974652 61.802002872120248 52.94963826266202 61.360099734682024 50.781053647128019 41.745778653115934 78.012994951190365 50.894507581537418 67.15938751914284 52.797164778275921 56.417777616327456 64.040077926173353 47.172146444609673 59.918845962755611 57.422576233834931 73.189081700642902 41.857685418562454 48.554113561456852 52.240213642698343 62.412478418061227 52.767678775209369 58.045047413219102 58.764793997099908 51.491141521569453 49.387050374348959 48.766292839700526 71.411942915482953 56.566728245128282 59.594697882912378 52.052052388046725 65.615728291598231 49.780688927390358 63.305337744048146 51.465817509275496 62.421660440618339 58.453558442086887 38.253958573485868 64.561297064116502 43.6194580338218 58.670443344116208 46.876676669265287 54.097323781793769 48.994483491146205 58.036163688428474 47.113804057150176 60.928755673495203 68.248096292669118 46.408618874983354 65.07666927684437 57.362522703228578 60.249599595503376 55.310217724424419 60.885058316317469 53.785646276762989 63.302675120035808 48.650875692656548 60.305661773681642 51.179490141435103 54.733084060206558 52.109229833429509 -67.138438024018939 -69.469783782958984 -64.188164710998535 -66.549337387084961 -70.325237826297155 -65.268471918608014 -70.16640999442653 -69.518460825869909 -67.76316271330181 -69.197272150140066 -73.119285734076243 -64.611273364016881 -71.351036423131035 -72.85261329851653 -68.874266674644062 -69.770863884373711 -67.233328216954277 -65.803258544520332 -73.660362595006035 -64.849411236612426 -65.634890204981758 -67.074088598552507 -71.571522637417445 -67.323559861434134 -65.819275404277604 -70.768000753302317 -66.805905793842513 -67.408964910005267 -69.427794305901784 -67.476983371533848 -71.800732010289238 -67.262325412348702 -71.366688276592058 -65.389488119828073 -67.941167881614277 -71.109062746951452 -70.581870756651227 -73.769542242351335 -64.710543532120553 -70.412448381122786 -66.198885014182636 -70.372584794697005 -64.681424868734254 -75.246178526627389 -67.413615578099296 -67.095150194670026 -71.698276068034929 -62.829151078274379 -72.754709620224801 -66.802843997353008 -69.934010003742415 -69.885863404524954 -65.945819352802474 -63.122135990544372 -69.590359637611797 -69.707614597521328 -60.121187134792933 -74.335040895562429 -62.489148541500697 -70.733620844389264 -69.903544375770977 -64.621479185003977 -73.736976924695469 -69.429824929488333 -69.999676453439818 -65.804628196515537 -72.410668172334368 -66.826374907242624 -68.496191602004203 -69.3991400066175 -67.68999762284129 -68.23727517378957 -69.885637383711966 -63.084768897608704 -67.736111189189714 -74.199008339329765 -66.249814133895072 -64.209652047408255 -74.580470135337421 -69.556857259649973 -68.493285078751413 -69.701630692732962 -69.40094721944709 -72.971405581424108 -63.997784765143145 -66.321972068987392 -66.122598296717598 -73.590577928643484 -61.460589484164586 -69.202115460446009 -69.106734677364955 -67.736669440018503 -66.330804724442331 -68.713838025143275 -71.104950478202412 -68.380483376352416 -71.04137455789666 -65.768344427409929 -72.913236467461843 -65.731265770761595 -67.996215167798496 -73.045469785991472 -71.779110908508301 -73.164562024568255 -66.065102677596244 -68.952654437014928 -67.518633842468262 -71.039800568630824 -62.681319412432217 -71.333354849564401 -65.29076759438766 -66.931739054228132 -66.179071827938685 -62.062033628162588 -68.687207949788942 -70.439618662783971 -71.635792104821462 -65.124730561908919 -72.565392042461198 -70.021264126426288 -70.487712107206647 -76.941561548333425 -57.570074194356017 -74.408316863210572 -67.341650109542044 -68.99566193630821 -66.582478799318011 -72.439002237821882 -65.117960804387138 -66.769392666063808 -67.04335719660709 -66.303154041892597 -69.818761825561523 -65.765909947847064 -70.815185044941146 -64.72360693780999 -67.453020999306133 -63.368095554803546 -67.692287708583635 -72.318232511219222 -61.809591669785348 -73.284102665750609 -69.953173386423217 -65.002376280332868 -67.791380292490913 -71.961001697339512 -64.32433354227166 -73.654075020237968 -70.333339992322422 -63.716763521495615 -74.549576533468141 -62.7316840824328 -75.802596292997663 -71.248457858436993 -69.7633937534533 -61.871991257918509 -75.548839644381871 -66.220622288553344 -72.487804456761012 -68.565033812271921 -63.392179137782044 -74.156548198900722 -58.806262656262049 -70.693078543010515 -64.650861200533413 -77.971588486119316 -64.182804333536254 -67.437567660683087 -69.164619019157001 -64.941446354514667 -74.625553382070436 -68.286970966740654 -72.164671195180787 -69.833171995062571 -71.061166863692435 -56.797551230380407 -74.816435261776576 -72.850295418187187 -66.47017765045166 -68.556257348311576 -65.652921529192668 -65.073502113944599 -67.144873380661011 -62.738595837040954 -70.353906468341222 -74.654233204691039 -68.737216045981953 -64.575203117571377 -73.768832558079765 -67.534969756477764 -69.087078194869193 -70.098079154365948 -69.260359111585117 -69.5448892492997 -70.667622967770228 -62.048747740293805 -69.484114521428154 -67.222833482842702 -66.75896421231721 -71.13576010653847 -69.92921849300987 -62.095199434380781 -72.148469673959838 -63.898929621043955 -70.103499211763079 -71.1119384765625 -69.276388369108503 -64.382561583268014 -74.251884058902135 -64.785501505199235 -67.367050773219063 -74.106287203337018 -66.83707764274196 -71.044017942328196 -67.013158798217773 -64.257180264121601 -67.623074531555176 -73.648047748364903 -61.944989455373666 -70.109555746379655 -69.557558712206387 -63.244616809644199 -74.584412123027604 -64.697660872810772 -73.324324909009434 -67.067884846737513 -71.869650087858503 -64.52444693916722 -70.170478820800781 -71.573346238387259 -67.885379741066387 -69.468424997831647 -65.865331047459648 -73.686943907486764 -66.021861779062377 -69.771620449266933 -66.510350327742728 -69.357479095458984 -73.045593713459212 -63.824111536929479 -76.380525438409109 -63.908620206933271 -70.136924392298653 -66.110321295888795 -71.262326541699863 -65.17594939784 -70.484135439521381 -67.299281521847377 -62.626619257425006 -73.211866880718034 -61.562251467453805 -72.839390102185703 -64.062533729954765 -69.540090410332937 -66.021080167669993 -74.602560771139039 -70.920728783858451 -64.315880273517806 -73.214737942344257 -65.906270328320957 -71.797386069046823 -66.140721572072877 -73.46636277750919 -67.141592778657611 -70.638651396098894 -60.691419538698696 -67.368095146982299 -72.477527267054512 -66.509275486594746 -71.51820207896985 -62.749115191007917 -69.429637683065309 -63.145514914863988 -69.882972265544694 -67.473936432286308 -76.063813058953542 -63.91745502070377 -69.41303825378418 -63.501109474583679 -68.704091423436211 -70.972868116278391 -70.776196128443672 -69.226003345690273 -71.177487574125593 -70.906801073174734 -63.985984199925475 -70.942161760832136 -68.074825537832155 -70.146810757486449 -68.094520920201347 -67.961153933876446 -67.603874808863594 -69.727359219601283 -67.241830700322197 -64.00503911470112 -74.446098026476406 -65.00604840328819 -71.297672572888828 -66.654448107669225 -68.399623268528984 -104.30812567633552 -104.47746761425121 -99.212738965008711 -101.10550978377059 -108.55706684009449 -99.775059674237227 -105.72929207054344 -106.93518272606102 -103.31015478598106 -102.77622862119932 -106.3137049288363 -103.50864956829999 -106.42109834825671 -107.18615310256546 -103.00855997446421 -107.96140382096574 -102.79074210089607 -100.82270854228251 -107.2620798059412 -102.92267423062711 -103.49934046977275 -101.62066846280484 -109.57770888869827 -102.61943301639042 -101.5424314962851 -107.07213613149283 -103.08733295749974 -103.90792506449931 -101.45045821731155 -105.73556116464975 -105.25308279089026 -101.4309603716876 -108.34439148774018 -99.014592866639831 -104.03047427615604 -105.58039185807512 -108.2295609551507 -102.47716836671572 -108.34586437328441 -101.82229145153148 -102.69322348929741 -104.26317142795872 -99.535465859078073 -112.13251598461254 -99.359327264734219 -109.85240673374486 -102.84045059616501 -106.1457149918015 -103.70560707917085 -104.08057300464527 -103.9393152803988 -109.6920276332546 -103.23151346155115 -99.227979556934258 -103.74830034616831 -102.85894332060943 -96.416165996242214 -109.4076844292718 -95.319045917407891 -109.61991593644426 -107.44093827943544 -95.696351953454922 -108.89339787251241 -105.08532374613993 -106.84131694484401 -102.62839518366633 -109.71281340315535 -104.52014799375792 -104.52089814882021 -99.692422299771692 -105.12994374455633 -103.0570115785341 -104.91901176040237 -99.686249397896432 -106.63947992067079 -107.41378021240234 -101.65512548910606 -94.719017853608008 -114.37947690809095 -108.23744108870223 -104.74106010230813 -105.4107091233537 -104.06060760085647 -111.01671002362225 -93.093879854356913 -106.15265140017948 -98.815778938499662 -111.46063201491897 -93.672360806851771 -105.34886932373047 -103.01941485018344 -103.60738589312579 -104.23901063042717 -102.05720798389332 -109.11969664290145 -102.42034324439797 -110.48895181191934 -100.68382902403135 -108.25879225859771 -100.64667469746358 -101.04080736314928 -109.0954009391166 -107.00033492010994 -110.03884743355415 -98.932305825723191 -103.93151824538772 -107.03343901763091 -104.88022860965214 -98.388934058112071 -109.16119034225876 -103.02654750927074 -101.70647945919552 -102.51352253475704 -97.892708958806224 -108.27493347992768 -104.2172225230449 -103.00636837933514 -97.694734109414597 -115.59304118800807 -102.91346596382759 -104.34475563667915 -111.20164273236249 -92.931534741375899 -109.58274604178764 -100.87695003200221 -103.1339486611856 -104.49844793371253 -106.91355473286397 -101.34246795241897 -99.774020426982162 -106.41046596217799 -106.41051550169249 -103.5214322064374 -103.14763620737436 -105.21487828847525 -103.4899222915237 -101.67094885336387 -105.52279467196078 -93.669858880945156 -115.37085033107448 -94.287922214817357 -110.69683291461017 -104.33642469870078 -100.56205739201727 -109.6393343951251 -101.21333885192871 -99.31761107573638 -105.0237553055222 -109.34442716031461 -96.989717431970547 -113.0327267002415 -90.418894381136511 -114.03160641644452 -104.34517566577809 -107.22561212488122 -96.935461353611302 -114.39782390078983 -103.66213102598448 -111.08001585264464 -103.2456216554384 -98.385422783928945 -113.83793372076912 -93.320731601199583 -108.1767056439374 -100.11983953939902 -115.74859928440404 -93.795635171838711 -102.56493501405458 -101.59062065949311 -103.15883806589487 -107.27858084601326 -105.57809149252402 -109.66864343591638 -101.8836298762141 -106.52346739897857 -91.19691822979901 -115.27200791642473 -110.36363952224319 -102.14092409288561 -103.31107330322266 -103.03592310725031 -100.95683123614337 -102.41882128328891 -98.672267398318724 -108.10791278529811 -105.15747291977341 -103.22682066221495 -103.36968401316049 -110.55862870087495 -101.11319660496068 -104.76870459479255 -105.6001711664973 -103.79943744556324 -107.05994662723026 -105.7866111961571 -100.12640489114297 -101.5727264301197 -104.26383807208087 -99.805407189034128 -109.66094991323111 -106.04290616834486 -96.819572654930326 -109.56876435150971 -100.40488423527898 -105.04717966028161 -108.31563011375633 -101.64977883003853 -99.453000558389206 -110.68465640093829 -100.63688855557828 -103.47806755272117 -108.52445922026763 -102.1762229300834 -106.13582734803896 -101.94868118698533 -100.31936650662809 -107.83503506634686 -112.23906104629104 -92.797506177747579 -105.50947457390862 -104.75272668374551 -100.97761473784576 -108.346217902931 -101.2061972746978 -110.485065563305 -102.24465901142842 -104.34659184636297 -101.31402201265902 -109.33235539616766 -107.08200784631677 -103.0797593400285 -101.82600949261639 -101.70174500748918 -111.43328589362068 -101.2220087824641 -104.94066073443439 -101.33448595614047 -105.59338780995962 -108.747686953158 -97.595577549290013 -112.62934225958747 -101.07521613868508 -106.72733946104307 -100.21841348184121 -106.51064465496991 -99.567591177450637 -111.08953950211809 -99.685206748343802 -101.52381969142604 -107.537889222841 -96.995698361783411 -111.58670868744721 -95.636333465576172 -106.92200346250792 -100.90940052754171 -113.95461304123337 -101.88177959339039 -99.685600796261355 -107.15246365521405 -101.15713712331412 -106.22225570678711 -102.02481584291201 -111.18865265717378 -101.93993418925517 -105.18367272454338 -92.988043192270638 -106.93038961049673 -107.38236040682406 -106.99649480871253 -107.20431343284812 -100.07030229310732 -103.67870165850665 -98.875752165510846 -105.70545681102855 -101.41712858870223 -115.60423629348342 -95.051687962300065 -108.51988148044896 -93.105692270639778 -104.3057799983669 -104.4931474634119 -107.00146247245171 -105.32211808900576 -105.99011323258684 -109.52591880592141 -100.72339284742201 -109.83028174735405 -98.016197410789701 -109.12172482464764 -104.71603754404428 -104.80230063361091 -103.42772952930348 -104.56203172013566 -102.78633488835516 -98.508798547693203 -109.00382407935891 -101.2118836480218 -106.55499772767763 -104.03969945134344 -102.72154462659681 91.965575820521309 88.966876883255807 86.464344225431745 90.003125968732334 104.11021322953074 88.168759521685146 96.373410651558331 102.57451649716026 87.423995745809449 85.522982371480836 91.738481496509749 101.38143825531006 100.00921733755814 93.525386433852347 81.439010770697337 100.42328402870579 83.558063256113158 86.816849332106742 88.229416420585224 101.39693353050633 100.77133334310432 88.430628625970144 95.517144981183506 88.13964065752532 92.306414754767161 99.22813699119969 100.5219114454169 98.033639958030292 92.427926816438372 93.528258725216517 85.829093330784843 87.304398988422591 106.34203290939331 84.888596057891846 98.839610400952793 82.748063739977383 93.877164288571009 76.595862125095564 108.20959560494674 88.804084652348564 99.625338679865791 89.585057735443115 84.613595837040947 93.867911213322685 83.102559566497803 112.67475474508186 78.819527600940901 107.39409968727513 86.064889004355976 89.605884401421804 81.220288351962438 102.43686512896889 96.988346250433665 97.239363494672276 89.562598604904977 83.895665319342356 109.86399030685425 88.464976862857213 84.124451436494525 106.62456100865414 104.4267853937651 85.274866455479668 88.449003194507796 97.088811924583027 95.579973371405345 94.710730602866718 94.344600100266305 87.525509909579625 97.992795919117171 79.906941313492624 94.632848212593487 84.114901969307354 99.62244109103554 91.167040071989362 99.642010287234655 88.856967926025391 93.799542326676217 92.432309426759417 96.237252913023298 107.25826521923668 95.200016322888828 107.36014200511731 74.912101557380268 98.586991812053483 77.301012591311803 102.04555471319901 74.077277183532715 96.022298737576136 85.378963972392839 85.755882087506748 87.633026574787337 82.349627846165703 104.38840828443828 92.240231463783672 97.362825544256907 90.31591796875 113.14317035675049 84.242567865472097 97.324570655822754 91.367202558015521 93.672384236988265 94.670319306223021 100.24374919188649 93.943968446631175 86.797184944152832 95.660202227140729 96.222305071981324 87.617880745937953 91.165460937901543 101.17768576270656 90.122706137205427 87.444570415898369 89.071352757905657 89.193400608865844 99.059329610121878 91.352241139662894 96.822696020728657 80.457632265592878 108.12035839181198 93.462174942618915 86.72856549212807 95.63549212405556 84.569572900470931 99.822340764497454 91.244130686709752 81.573881074001918 90.541269001207851 88.702810237282208 96.141662045529017 79.647594727967913 106.64422702789307 103.77399698056672 82.397736649764212 96.696171785655778 89.160042762756348 102.14321919491417 98.063888198450996 108.20356363999217 71.058742146742972 112.5450916792217 78.558511382655098 96.50157119098462 100.01157715446071 86.510755363263584 110.99663227482846 88.21598963988454 79.744266158656075 87.878549023678431 93.841973881972464 90.054303646087646 105.53414761392693 75.697992688731148 98.300822973251343 84.135985575224225 93.174780544481777 79.087550037785576 91.020654954408343 107.37732591127094 101.00546688782542 78.20678347035458 85.714660268080863 94.773106298948591 97.785343973260183 93.836149767825475 98.745733311301777 101.80033653660824 73.682885947980381 99.520723192315359 87.971480545244717 101.90056846016331 83.938811139056554 106.14652829421193 80.739838173514912 91.724667398553152 82.855118550752337 93.914420203158727 111.4590623755204 84.641128966682842 99.159214471515853 80.717838387740287 101.19660523063258 80.537063648826191 116.81736459230122 91.262342327519463 112.27369699980083 75.306872618825807 97.207649858374339 102.67160852331864 91.504801323539326 96.730327882264788 91.103362610465595 105.86371871044761 77.414486483523717 92.961943776983958 84.408631274574688 102.62259337776585 71.345069960543981 103.69862380780671 87.671173070606429 100.04682214636551 91.437561737863646 90.316513463070521 94.848088967172728 95.168711034875173 88.721698635502861 92.811309237229196 89.198070325349505 84.647290029023821 103.492608522114 92.894298528370101 96.11719181663112 94.335956297422712 85.841328445233799 96.373093303881191 98.474402101416331 90.946746600301637 97.088628467760586 110.55286347238641 80.75106051093654 83.39740758193166 92.890424878973704 93.47216889732762 98.105274677276611 90.179384256664079 94.884440873798567 94.000029965450892 87.8773220463803 93.157881736755371 93.247518765298949 104.32617056997199 89.573199598412771 88.153695508053431 86.991850175355609 101.79992640645881 87.158539596356846 97.985150563089476 84.581454728779036 93.821709557583461 94.315855653662425 82.393713047629902 94.012574547215507 96.468080043792725 92.527767934297259 96.747914665623711 87.782704503912669 78.684115359657696 118.19627513383564 84.114803740852764 106.3598874744616 90.876293533726738 92.136564380244209 103.14742848747655 80.906293768631784 98.070525922273333 94.578346026571168 112.72660313154522 78.026993249592024 84.852495795802071 87.34199333190918 98.653423133649326 90.138419025822685 92.524082183837891 99.449636609930735 88.722989308206664 85.18298957222386 82.712986117915108 110.28050252010948 92.576579319803344 98.871061400363317 90.59145586114181 101.91390235800492 87.136713178534251 98.615122619428135 87.560685760096504 99.200183165700807 98.649422294215157 70.511860546312832 105.14388882486443 74.665512499056362 95.339536666870117 83.066894179896309 92.27051509054084 87.141092250221661 94.115448675657575 85.96434347253097 98.217120521946953 106.83517375745271 80.271731401744645 106.35059971558421 94.259203559473946 98.238745990552403 91.821388922239606 96.087447517796562 91.729122638702393 97.204847135041888 87.234342424493093 96.383681824332783 89.427513875459368 91.402459370462523 88.266671933625872 208.13133879630797 208.4385750063004 198.56487101893271 205.61466586205268 223.08317024477066 202.26843114053048 216.03843787408644 214.9688484438004 202.33241271972656 205.48499470372354 217.76802456763482 208.57093269594253 220.08885537424396 212.55116173528856 202.64371564311367 219.69854047221523 196.28228316768522 208.10329166535408 209.9552272673576 218.6658945391255 209.9166033344884 206.59250271704889 213.9517108548072 208.76828052151589 200.99055923954134 216.48832899524319 212.81271165417087 210.73470380229335 210.52412955991684 207.49423759214341 209.37727897397934 203.16014935893398 221.22118106965095 202.2675023232737 211.19105775894658 208.45124177009828 220.1490207795174 197.47916387742566 219.83891444052421 209.68844063051284 210.24677793441279 207.79180514427924 200.33570664928806 215.11775010631931 206.6766573998236 222.82330912928427 197.99304839103453 219.0741473782447 206.84073072864163 202.39034689626385 201.30377640262728 219.72901867282005 208.55691626764113 214.50738328503024 205.81239269625755 205.00218496014995 220.66895171134703 207.35721908077116 193.41829361454134 228.70552850538684 219.67820247527092 208.06868817729335 207.20844441075479 210.26382495510964 214.11908352759576 207.03615791566909 205.31434040684854 216.90705625472529 213.99993256599672 196.04751193138861 210.56533665810861 198.89551371912802 220.30630690051663 202.67170961441533 212.90887648059476 214.37433205881428 210.64254662298387 201.43854104318928 213.25180545929939 224.56937186948716 212.06969476515246 228.16178254158265 189.38310783140122 217.98909981020034 197.91790008544922 211.13947960638231 199.983643562563 217.79003364809097 200.39875104350429 201.66016018775201 207.0733632733745 197.8074734595514 221.19510921355217 211.47583352365803 210.48687301143522 212.17126809397053 223.9854455763294 199.77236446257561 216.15641243227066 209.39172215615548 210.07348780478202 216.64624318768901 222.51900063791584 217.61066215269028 196.41487761466735 211.0350351641255 211.29089404690652 209.93357553789693 206.22200258316533 218.37800942697834 201.85695426694809 207.72223097278226 199.57347402264995 205.49478100192161 213.7737077282321 209.79539686633694 215.07669756489415 196.21178313224547 221.17133011356478 208.57567128827495 208.93933893019152 216.68888608870967 196.17913375362272 215.34136224562121 218.5947039204259 200.56897021878152 209.7516627157888 208.8308819186303 213.04800907258064 200.35450301631803 221.42142954180318 212.80943052230342 207.21063921528477 211.08129833590598 209.88205694383191 211.30073695028983 200.56903617612778 227.59339461788053 187.63050153178554 228.58873822612148 189.81612273185485 225.58061808924521 214.58750570974041 199.39384214339717 217.88417988438761 212.48777475664693 201.17095848821825 202.76710116478705 216.43992959299396 207.47737859910535 231.20716808688255 184.99610260994203 221.27236347813761 204.16279355941279 209.70793151855469 192.54756213772683 210.60679331133443 227.13000685168851 217.86015861265122 193.65279019263482 193.37474601499497 213.64626336866809 201.0715819328062 218.09149809806578 211.96060279107863 228.78676285282259 198.84477036999118 201.27985259025328 212.73829355547505 214.60777184271043 211.91588223365045 221.67814636230469 209.6318585795741 208.51193384970389 210.36005426222277 192.32627720986642 232.08003874747985 206.84864856350808 212.28876421528477 203.06111391129033 210.82564667732484 192.24039040842365 228.286864249937 203.12170803931451 221.22929972987021 204.80350026776713 207.73961319461947 216.11313949092741 208.89452534337198 213.1277849751134 210.44457417149698 226.14413649036038 194.51483744959677 207.46940022130167 212.27672060074346 205.94603507749497 200.09334687263734 217.75913952242942 205.07614775626891 216.53479200793851 210.96773455219883 199.95392928584928 212.61870993337322 206.93671589512979 209.83922896846647 214.65299544795866 205.78043242423766 202.1707492951424 220.71241661810106 207.41106193296372 208.49475737540953 217.41873464276713 206.9083015688004 210.72542252079134 214.0291757891255 203.06916710638231 217.35648616667717 225.86759604177166 199.30080684538811 201.48004741053427 211.18761567146547 208.16117415889616 216.06432071808845 206.05751382150959 211.03796632828252 208.19864186932963 209.79806272445185 207.89082976310485 210.45482660108996 220.52994414298766 204.39198155556954 211.79684448242188 199.89121664724041 220.31665531281502 206.38574661747103 213.81600509151335 205.16585811491936 205.5790508639428 217.10623464276713 196.29743612966229 222.1478010608304 202.06051340410787 212.59853289204258 213.83695147114415 209.14839910691785 194.28009377756428 230.53836502567415 205.22205180506552 213.35787816201486 211.23156295284147 197.37369512742566 227.13593267625379 197.05451817666329 210.73804646153604 213.10802533549648 230.58227785172002 198.81566742927797 196.71850635159402 214.22362936696697 212.04739084551412 217.86521616289693 202.92949061239921 227.61090924662929 203.3152588875063 202.9159929829259 194.09119735225553 224.97267495432209 212.04175838347405 208.52411528556578 214.01525337465347 207.61577384702622 209.47401723554057 200.07045918126261 210.40085970970893 210.93399638514364 225.10804846978957 183.92973869077622 225.35166045158141 196.58342767530871 206.50460963095389 207.64589961882561 209.24983658329134 213.31854887931578 211.76798371345765 207.33382588048136 210.75529578424269 223.16805587276335 196.06835002283896 222.27316234957786 213.35869278446322 211.33980191138482 207.45790789204258 212.40231372464089 209.29504985194052 207.23645216418851 213.42318331810736 206.27949327038181 210.30173861595893 209.34807758946573 204.02608908376385 -37.774715214240842 -39.245611272207121 -37.620558163014856 -37.948321040083719 -32.838084848915656 -41.300559564334591 -33.851710982438995 -37.901246768672294 -37.702332264039576 -42.02780294418335 -41.499829478380157 -33.886581386007911 -36.687860954098582 -38.342299036863373 -46.47886255310803 -30.415099734213292 -44.391159290220678 -35.155046765397238 -45.285270690917969 -29.582981650422258 -31.817001464890271 -36.944187332944175 -38.990500066338512 -42.828948742005885 -33.793065399658389 -42.622244893050777 -32.069193220720059 -33.967672568995781 -38.166839384451144 -37.997017476616833 -45.216476853300883 -38.014204106679777 -34.302371010547731 -35.872497017790629 -36.92452029484074 -40.233308664182339 -38.570999540933748 -47.944027150549537 -33.120429940339996 -38.685902863014036 -29.718719005584717 -43.515346096783148 -35.400723806241665 -46.486287675252775 -38.603313021543549 -32.826424530366573 -46.682132168513974 -27.410045071346005 -39.201260345738106 -39.71289997566037 -48.332916236505277 -33.018103791446222 -37.159112813996103 -27.548212164785802 -44.686352915880157 -36.810657495405614 -25.4877516714538 -44.726727043710106 -38.510572125272056 -34.055378710351341 -29.885710640651425 -38.361090427491725 -43.858093412911018 -38.505283786029352 -34.669701486099058 -38.489174828296754 -39.222619664378286 -41.122867601673775 -35.244783735856778 -39.625733643043333 -41.157685622936341 -37.738180119816853 -37.469699359521634 -34.283579361148 -35.695066486916893 -43.778858115033408 -38.004663537188272 -30.00316961218671 -43.26494527444607 -34.630376420369963 -33.055224357581722 -33.718812044073893 -47.312788396346861 -40.193641197390676 -36.856164612421175 -33.590986847877502 -43.862568390078664 -41.109183834820257 -31.812436127081149 -45.382199235078765 -42.536047784293572 -41.452143273702482 -29.75809297329042 -37.677325184752299 -38.278667345279601 -39.641848511812164 -30.897099814763884 -40.53455205079986 -39.087187842624942 -35.958548801701241 -36.500258573671665 -40.874130121091518 -36.742657111912237 -41.321483658581244 -38.215569298441814 -34.256291552287777 -40.036912327859461 -39.747180130423573 -34.258289959372547 -37.261152732663035 -36.491992095621619 -37.461157537088162 -37.665500248350746 -36.69603990926975 -34.618614237482952 -45.744884165321906 -32.419709862732304 -41.243703725861337 -37.159205787065552 -39.815277971872469 -41.435925099907848 -43.834324127290309 -32.623740844610261 -37.597396181850897 -37.334033093801359 -37.177056990018706 -39.161718484832022 -43.91609890868024 -33.472556141818444 -40.276650486922847 -30.296183551230083 -33.717932035283347 -44.335790971430335 -34.760421688963724 -40.885036956973195 -35.613503775945524 -33.888120879487296 -29.857717327955292 -40.396687402230938 -36.0368851917546 -40.998025644116282 -37.597904798461173 -37.100561720568962 -36.843334959774481 -30.438215293535372 -36.44508182130209 -40.626487679597808 -44.21488289135258 -45.245303002799432 -33.064304282025596 -33.8737078934181 -42.222248906042516 -38.171325151513265 -48.676816486730807 -35.530270966087897 -43.951029691754314 -44.603976220619387 -26.22527385775636 -36.171574810656104 -45.690845251083374 -41.52420346329852 -39.878885652960804 -30.217452569705685 -37.287228659885685 -33.891808062064939 -43.061952439750115 -39.571505819878929 -35.089827868996593 -39.023188692767448 -32.675014530740135 -42.474349632495787 -34.911091962965521 -44.531725522948477 -37.787887212706778 -45.030453565644052 -25.076599227219091 -35.375570561827686 -46.688817197229803 -33.784752322406305 -42.11712852338465 -35.038162653039144 -39.748709527457635 -23.639192145045211 -34.25547992310873 -33.675286429684334 -49.00589472491567 -34.891915399853779 -31.220435471069521 -45.30192176597874 -31.770168728944732 -36.89886988081583 -34.794486755278051 -47.468130382095893 -38.780943050617125 -43.582793526533173 -26.29464357073714 -47.99599733585265 -33.30210475950706 -36.754061035993622 -38.0240584699119 -39.422419431732919 -34.580012164464812 -39.771918180512216 -33.141596497558965 -42.279326764548699 -38.882438217721337 -39.742757302958793 -36.903151977352977 -39.585522733083586 -33.842141488703284 -36.049865327230314 -41.376009382852693 -40.201020217523343 -37.977064507763558 -32.870769146012094 -34.97056952918448 -37.442532635316617 -36.771508054035465 -34.205174832809263 -44.2236789028819 -39.478350741107292 -34.248668769510779 -39.601676667608864 -34.308785455982857 -43.107922937811878 -35.965795121541838 -42.292938930232353 -33.217447805695414 -40.620793208843324 -35.418728002687779 -37.63084921022741 -38.916605763319062 -38.250871100076814 -41.511836970724708 -35.315915857873314 -37.031624177607092 -40.569243279899041 -37.692711620796018 -41.539995565647033 -37.628745474466463 -44.60239327244642 -32.675039154727287 -40.634176393834558 -31.680069312816713 -44.757693895479527 -42.742081380471951 -28.228618956193692 -40.00410029946304 -26.217550869395094 -42.777685781804529 -31.78228319708894 -37.919996366268251 -38.917917681903376 -35.193101461340738 -33.603292255866819 -34.818813704862826 -43.540481770910866 -41.156828287171152 -43.520992267422557 -31.651269761527455 -40.881173476940248 -36.771658990441296 -37.263179302215576 -39.059292420381453 -45.042088671428402 -31.393146625379238 -33.257266306295627 -38.410804387999747 -35.382857072644114 -43.843995041963531 -29.608740358817869 -41.272633581626707 -31.334689429620418 -42.384898871910281 -32.39733909979099 -44.960495181199981 -40.858273302636498 -36.393665969371796 -39.892894861174796 -36.277834903903127 -44.355798163065096 -39.959367903267463 -42.811808004611876 -37.580357156148771 -44.245772588543772 -31.406586761881666 -34.908103390437802 -41.098400525930451 -34.690552662058572 -36.626043645347039 -35.455457303582165 -36.429273803059651 -36.684835989300801 -38.240286071126057 -31.790821662763271 -45.923727175084558 -34.304668286951575 -39.657398351808872 -38.055139436954406 -39.462572283861114 20.731816790751274 17.221251185366651 18.114048414672446 19.421361110068315 25.372276134048867 17.158480525806251 23.54986954209031 24.717103593396825 17.527140653686018 16.396355898964483 17.52583974718258 25.087724316199093 23.848259959789303 19.511837154824214 13.302536951785056 25.554491590190409 13.964398993166867 18.492796952361303 15.549443524799599 26.58697664816648 26.073516618337063 19.114855268143661 19.820147652894455 17.683493399462161 21.452273367651252 21.045536278099412 25.686483561597914 23.029674812361893 19.880608315499412 19.475152568311881 14.267684337319128 17.367147831332606 26.695490388680767 16.75260133932758 24.264549222213542 15.643985033430011 18.119894719281735 10.909075391608358 29.388009417925449 18.302042909015881 26.767446751626121 17.012069990303342 17.701615234084478 17.635213324565761 15.087636346848596 30.711431842766061 11.656601470827267 28.839404817448546 15.829404928431606 17.428410425880887 12.347725330204364 24.79402854426807 22.606777838523815 24.551282666376885 17.408525701390197 14.652763956429942 32.79791006978774 14.322682463175413 18.335350496090012 27.91331020254173 26.640850970287197 17.281577826335731 17.103676169123872 22.615587850280157 20.602973503782259 23.883985834405912 18.626149251168926 19.818142306725711 22.294576048061547 12.749820616861053 19.962593796632149 17.185729509157849 20.946516580929028 21.050313136435502 24.548040628038496 13.937789590548206 21.393553310277447 20.881570552358564 19.910759754923006 27.492681170141459 22.867552586738636 27.470634646763074 10.620673777942626 22.125735000269302 13.384462885509263 27.072242566291859 9.2548411903002403 21.590297481082132 19.792084249439618 15.35639183884425 16.546985553589877 12.982875956999544 27.846143457273772 19.837927828166659 21.336168661022818 18.53272361708003 30.772452099433799 15.752359715913306 20.593290280822096 20.243724755893481 20.049842246320864 20.734193737933179 23.486536877044777 17.863428573734712 18.652297092589322 23.205319886570734 19.755725170602862 16.95348144209148 20.13575707681921 22.941990262625232 20.27178296190224 18.19185830820475 17.183521836009248 20.169154119807363 23.408568767522343 16.735735428254337 25.352565066703896 13.30465993344389 28.017563339890234 19.290010521743472 15.48390578671007 17.798246502086815 20.767434923854097 22.175764453332157 20.202406581663926 15.180591221282024 17.524625304124214 17.895352472532664 21.718439436116757 16.198216030929263 28.970256670421321 27.909341375559372 12.753811717822853 23.029023909410892 17.499743284768616 22.756241661428614 27.675849036665152 26.581915193835631 9.78775268635213 28.097953523231659 11.8241130792542 20.034533126464744 24.460151834993173 18.616514960661629 30.394444264816922 19.021759390041527 11.972139609570535 17.45244863964864 19.503380494401945 21.35281315544583 26.389298718496665 12.612410509823174 21.352276903114571 13.008017453136823 21.380944484117016 12.952026454028704 18.458016291359403 30.399742126464844 22.211142284191208 9.6609178236778206 16.643805892262236 19.242629424625676 25.618923226729134 20.121642354308374 24.143754796476554 20.202862590354009 12.498150293400746 20.170183098868819 18.089183533428521 28.352469032173914 15.402856664152335 25.393364573156596 14.035226026118197 19.318071993770978 13.362002130375792 26.825925119665285 28.119604837815494 15.075285804192751 25.012142321921342 11.545367007520024 23.673792055900524 15.256339505808242 33.698374293497857 20.48786154093332 30.581657335458214 8.4198922013604882 23.938593731810716 25.669825736655305 16.461290736466843 24.380208772539302 20.639582979758053 27.702446110201198 10.560280565394471 20.401671032242426 13.152606362538622 27.820513474230733 7.5743817604140729 27.093177590149129 18.93795449212687 22.718131117473376 18.948423837983846 20.384043543544038 19.893872870514723 23.710879154552686 17.273529314047455 18.409211234541129 18.773410187257046 16.595945602221203 25.169752878858553 21.727378954161082 22.279043200000231 19.368423026129111 17.382606916869712 21.455040477364268 23.594363527187447 21.533157635998251 20.335250838702876 28.634890686597256 15.211232988644909 14.138181078512938 20.422143367347338 21.954479485947566 20.644785746438615 19.738999607152497 18.365383665293258 21.899548773733986 16.568670949695125 21.224355549212323 20.39077612984654 24.708268551637005 18.021558125287491 16.940124689348487 18.831697278464866 23.448820802549651 17.557343724547632 23.753726858176933 14.244247636258207 21.759693256277121 19.201664734360399 16.335292399324327 18.796568688967369 24.219050052150195 18.224177598953247 23.058035366582555 16.377393520431013 11.578777214943967 35.903919160760793 15.312180103845154 29.194111782193975 17.684418590653021 21.550579015782336 25.548143102633244 14.251508651190246 24.410045681410278 20.631588735327817 31.256693272006434 9.3422482945271668 16.395649126033909 15.504058882890158 25.59324032265619 18.443309320914036 20.160271474067738 21.69168203555985 17.341423265191892 16.457735446904667 16.439011010902608 29.647547196868238 20.8767398548442 24.430340413226197 16.236035927636735 26.235741275134465 17.317567628740473 25.193070460628988 16.792004002245847 23.858684001379455 21.149023202870854 9.4086083047437352 26.58545881549254 10.4422114290149 22.830944844429066 14.589650066088367 18.559988831842183 16.474716724149438 20.538468495110013 14.751142225912865 23.688085672871168 26.822857466754535 13.061943040778305 27.349108201778488 20.470311256039221 22.019893639924511 20.691178503415443 21.861646111437818 19.112068304162943 25.888567330821459 15.153389219416688 23.650452111730512 17.038856523518529 19.30012318472199 17.955615389426022 -8.960347895483368 -10.277918787835871 -8.0545035021976368 -9.8615018534428867 -1.0431368188950623 -12.560733773175953 -5.4854940569516524 -4.1045243196117065 -10.625915789777792 -13.950598865458108 -11.661887062406077 -2.0072151897023027 -7.0470256631814161 -9.0278216843466161 -17.135368692932776 -2.7491069930849723 -13.721693937060902 -10.037301527064981 -12.858110672061883 -0.62752686195003171 -2.661286697804349 -8.455196332005622 -11.799969381499059 -9.7729030685517397 -6.5641435998157389 -6.9829283894844423 -6.0623698315574126 -3.1698942864404143 -10.154048463673268 -7.0316113682047838 -14.811072916660494 -9.5221776198414929 -3.2758106583530462 -10.500340054336103 -6.4054834969992775 -14.871077667162256 -6.0901459663817024 -20.437764788136899 0.69273356442312595 -11.398361246562699 -1.5834142826135875 -11.302261066668242 -10.018780668962348 -12.686052075867513 -11.397495128576038 0.50705173409100879 -17.091064277204495 0.29734612205653516 -10.434603045287641 -12.227572725814523 -17.613029718399048 -4.7890831706593335 -5.0157725174450176 -0.37258773391107913 -13.175123420733851 -10.689537919840767 3.3326809522017693 -13.67107567393664 -10.492833918738134 -0.55152639833468831 -1.1325235981675028 -9.844073785161509 -14.144478677545937 -9.018649276020458 -5.5893136847366405 -7.5913023569630189 -8.5074240200727882 -10.396530475431275 -7.0121845689792082 -13.752549127467628 -10.428121810977899 -9.8477420459673244 -7.0522493031418438 -4.4817747556179475 -5.8945008180673844 -13.161582016539805 -8.9049135612920658 -3.6351459535580237 -10.520908922825045 -2.3000483339272657 -4.1126104211344305 -3.426078101963673 -17.904564257964346 -9.0086549381607952 -12.526296422319504 -1.3406289399248883 -17.589600576937777 -9.9949232935905457 -7.4791395085529215 -15.184701787615285 -13.092723881156699 -13.443127586424929 -0.03686938471007116 -8.0624497214567317 -9.0546992305413028 -8.9595602577172428 -0.69588164449895473 -10.647710992294607 -7.4105618393536909 -7.3536220357834718 -7.8946227518100187 -11.396685043584954 -6.0247938725554828 -11.172320744366322 -10.965152539095833 -2.8495993220690385 -9.2114749012641539 -11.247632512768496 -6.3847977501674764 -5.026062665633785 -7.3648881333545573 -9.9798291030439366 -9.4588890388173965 -6.6484050276210009 -4.8107261993352646 -13.731939225520902 -4.6156996615882058 -13.63091568345005 -6.7023495279469536 -8.7758241035405877 -11.382245570710563 -13.730808040470754 -2.5983185351473614 -9.9632124958686461 -7.8030407625494655 -13.285595759604741 -7.3548206241385454 -12.181275261258616 -3.1684471623411454 -14.863363365525181 -0.91755504747038907 -2.035852744741347 -15.607961981620603 -3.896083756557946 -11.135757379161502 -3.2256798234958093 -8.7735124791710124 2.5301899539614188 -18.371998259164755 -0.25425470916970261 -13.436606496283151 -10.024711326488013 -4.7946034681449818 -11.149087874056066 1.6605697071668013 -11.305418654552941 -9.3261847773801936 -13.987260443493 -11.559721445574343 -4.4622325075482863 -3.5689276190637385 -12.135546106736637 -10.035018411654871 -16.650358616727068 -7.4828988186364036 -13.788796261676307 -15.044138388147632 1.4414492405734016 -7.7807774914121168 -19.711849865404147 -10.840270386158842 -11.813946838517792 0.87065973096680871 -7.7725448596824718 -4.493071865109564 -10.789475350125322 -12.986553378475522 -6.1069672616940096 -7.5821526883875281 -0.96040856259540441 -15.037042221976716 -1.4823322180405403 -18.224353130002623 -8.5731868743896484 -17.647787462160426 2.5245784659987516 -3.0728511601975819 -15.623976414643446 -5.5526206632262296 -14.802716748228351 -4.5282894812741326 -12.382961033617409 6.3415263544008571 -5.6837737166765825 2.5739612509903398 -22.804716367166019 -6.0899306176935584 -2.3783785093177872 -10.305890280066185 -5.1914517995223255 -7.7497481350759854 -3.0671167882900794 -18.166446739030114 -9.4846512345434384 -14.861630768451876 0.66685634214901235 -18.532693210157376 -2.0784847452802566 -12.048850370842276 -5.5312056836572667 -9.5459663775360699 -5.2220506008388927 -11.218650724123982 -3.138117203724037 -12.864651355928588 -10.683946215990678 -9.6645640192679991 -11.792760559656088 -5.5190004492268976 -5.6954607269138968 -6.2653251759056907 -11.111753411663388 -10.979718365715545 -7.7999883583448462 -3.8525128017351467 -5.6302958437540003 -8.0858249409684859 -1.2647787205223899 -8.7095442396923168 -15.850877852115817 -10.074421683561456 -5.0368454236428715 -8.9599020573699359 -6.9502354501520545 -10.871528921775447 -8.0540938446822672 -11.514689059512129 -8.1434033594085182 -9.8883453063594491 -4.1926256152032648 -8.3333637621796246 -11.394727750889306 -9.008628465596912 -8.7941042288993163 -8.591787377607476 -5.1558961058125909 -10.874138362199357 -8.627690083772233 -9.5437004658782367 -11.416984106730489 -13.84558361016431 -2.1143777706090687 -11.043940221221701 -2.8154575905753569 -14.957945538955984 -12.949183832094507 -0.2181177312887988 -9.7290413217637148 0.7658639903207427 -11.728917099897144 -3.8854065797861339 -6.9868476717796142 -11.701283002073325 -5.8884247680312223 -5.0523587592597146 -3.2747859723359634 -13.541923568231388 -12.165053036606427 -11.919038008717658 -2.6326006315286876 -11.68251333248268 -6.6538690259155722 -8.2523527191680603 -10.312417190051773 -14.152679365815468 -6.0520771961767696 -2.4054805815798566 -9.0391634378618413 -6.3545754939607049 -12.822190353013937 1.0995494092552407 -14.663730466250078 -0.31504171565898414 -13.558512529701863 -1.2401267371131379 -14.088488750087405 -14.892572687088865 -4.7140598025136784 -13.338189498892108 -7.6596230812443116 -16.116581650613583 -8.2537456166397014 -13.66020781091116 -8.6940975629010246 -16.064674653763909 -2.6549781144244 -2.0614678998595304 -12.444853085916019 -4.7836297715751872 -5.0134699020570919 -5.6972352729260347 -7.9830121091268591 -7.0084765142607459 -8.7668792113517089 -1.7328293913776436 -15.173151692140449 -5.0349087159610493 -12.40895356599567 -7.4460576063799628 -11.903338844336352 135.83321883590133 133.51773014775029 130.02967060230395 132.5643960458261 149.3069719667788 129.52178604691116 141.12889319525826 146.56922940854673 131.11471065945096 129.57695482042101 136.38142762360749 143.81675641095197 143.49188780608 140.23524311206958 124.55850479691117 146.43914060239439 127.67087187590423 131.19175313313801 133.1555662367079 145.27053109628181 143.45277749520761 134.4842162520797 139.33295016818576 130.95948469373914 135.75620625813801 142.84645781340421 144.16239731400103 139.48875579833984 137.1852372346101 136.14837437382451 131.14788846616392 129.17390340169271 151.82632694950811 126.68031237566913 142.70545450846353 128.01084916856553 139.80173707184969 121.24257337782117 152.48879021538627 132.63085711443867 143.46186060022424 131.29338305438006 128.82204250759548 141.21122798213253 124.77049357096354 157.71493208143445 122.78460891158493 151.32252971507884 130.87797139485676 132.55445901376228 124.94385466399017 149.75198285138165 139.22611400462964 139.17495382803457 133.39470909966363 128.70966446487992 148.57304128011069 134.91468014187282 124.48257175021702 152.25089162190756 149.69807185420282 125.96926094337746 135.0914808485243 139.32690706606263 141.86469070999712 138.45836724175348 140.1274097583912 132.3508802625868 140.64540314850984 124.25196261935764 137.21077428747105 128.80273070158782 143.52655650951243 134.81241517243561 143.63771989610461 134.08117749249493 136.40194295247395 132.76257397686993 144.17480310510706 152.18731367323133 140.78192364728008 151.36095434118201 119.27678098325376 142.85894713225187 118.21482577853733 146.85046047634549 116.58672705756294 142.65290973804616 125.95629990189164 128.01742915400752 130.68299323187935 125.11844815854673 148.89145688657408 135.98026987711589 142.32131415473091 133.38214846010561 159.09196251763237 126.71544551142939 142.94239716706451 135.22121955023871 135.86992916531034 140.38595790156612 144.28301510281034 138.49769354926215 131.22692492449724 140.54233392786097 140.76464272958262 132.23555456090855 132.34470503065322 147.11638290970413 134.70303372983579 129.77525634765624 133.57704349093967 129.36530049641928 144.59485812717014 132.57162758156105 140.38846525969328 122.00572470205802 155.62062440095124 135.82750244140624 131.546991192853 139.97756539803964 126.32061428493924 146.54652839943213 134.04102647569445 126.89527802643953 134.50905891701026 136.58100461606625 136.7645046657986 124.81650639286748 150.04620090060763 149.00744289822049 126.7942643907335 139.99920919912833 133.38142581515842 143.99250290482132 139.8160917494032 152.21120825873481 112.40811066804109 158.68295474582249 117.89998530635127 146.35506936532479 140.51517458315249 129.8469480726454 156.33824491147641 133.0121356540256 122.91790008544922 130.0467212818287 139.59308499936705 132.12709621853298 153.70269894070094 111.90186586733218 147.38425575538918 128.537225567853 138.09338949697988 118.89392499570494 141.92045406765408 150.42398579915366 147.45897589789496 121.70755841290509 127.28966087058738 142.04389252839266 136.87797212953922 141.41640624999999 139.33560056333189 148.26189693874784 115.04965362548828 142.05365561026113 132.77411826804831 144.05929723668982 130.32357805040147 149.97352865713614 126.89863722059462 133.53246697319878 127.62318623860678 134.36992826108579 158.41129924632884 131.12477558277271 139.81943472403069 125.55392602991175 142.67491426821107 123.69660751907914 159.60005871808087 134.06902923583985 158.23197072347006 120.07497049967448 140.57535530372903 146.61807324444806 139.08726049352575 140.21158074273004 136.38894602457682 150.87692486798321 120.78701996979891 137.6381851196289 129.40491847285517 144.74224819607204 114.91304403234412 146.35228678385417 130.84445896855107 144.30407901340061 136.49026477955005 131.68649433277272 140.5301032172309 139.09413028293187 131.10175340440537 137.8768093532986 132.59765398943867 127.43017634639034 150.23678012424045 134.50731822826245 138.99724138047961 141.01761802390769 128.61489619502314 141.30541698314525 141.3927185623734 135.82514450638382 141.53301685474537 155.72984737820096 121.11984467683016 128.30650397406683 137.20263965747975 135.37502831353081 144.18823852539063 132.56922426576966 140.50489349365233 136.74795633951823 131.66037428114149 135.49987018726489 139.37415082013166 148.64200535526982 133.3264720775463 131.78372175428603 129.22606551558883 148.32069346110026 130.55572634096498 142.95291618064599 128.14130045572918 137.12152320014107 140.36327322500725 124.70031105324074 141.30547321460864 138.13958757188584 138.38513036657264 138.32448849148221 133.48017911557798 119.38568070023148 163.42003371627243 128.8507714730722 147.91525409839772 136.40724255597149 132.82870975070529 151.36928620515047 121.24075441713687 143.29819675021702 137.1238557603624 160.6787004824038 120.32038082546659 127.18848040545429 132.54832803231699 141.86711606626159 135.05012303105107 135.9000228881836 145.35774586995441 131.07584058973524 130.01932214807582 123.53591319896557 154.16959109836154 137.32174021402994 143.81107646800854 135.03847328468606 144.21910536024305 130.93957858615451 139.94291093614368 132.9792157208478 142.37724586769386 145.54420019079137 112.43394108525028 150.50175984700522 116.70002588342737 138.36751177752458 127.91994385895906 137.27625387686271 131.42522978606047 140.10350963451245 130.29922389277706 140.36704355875651 152.67487617775245 121.89668121337891 150.34761414704499 139.60171644422743 141.39212030481409 135.36984835024234 140.58508278175637 134.50603745071976 139.22811104103371 133.33846831145109 139.06327695493346 135.07069057888455 134.53564498336226 131.99072344744647 -175.93653377409905 -176.33711242675781 -167.89922628095073 -176.67772256174396 -181.1053973782447 -174.07744278446322 -178.40382754418158 -176.01495755103326 -173.40899805868827 -176.85778316374748 -185.49190053632182 -172.18125644806892 -183.09138242660029 -175.71683428364415 -180.7903523598948 -176.39256434286796 -175.56569425521357 -175.50002633371662 -181.22930219096523 -177.95132150957662 -168.82930214174331 -173.58470965969948 -182.67252522130167 -181.75045481035787 -166.96418393042779 -182.71858855216735 -172.24864541330646 -171.82733400406377 -179.80463532478578 -174.99241047520792 -184.2862538983745 -173.07707460464971 -180.36348552088583 -169.38072278422695 -174.9839364328692 -178.97028301608177 -185.17781263782132 -181.91421705676663 -173.18257731776083 -177.37531846569431 -170.50541145570816 -176.01853327597343 -172.36761622275077 -187.68728342363912 -177.1909676828692 -178.50882671725364 -179.79358697706652 -171.63581159037929 -179.14390736241495 -176.95755250992315 -179.76095088835686 -180.72249677104335 -172.44815063476562 -169.90548361501385 -177.99468108146422 -177.62544619652533 -167.81191007552607 -183.15865301316785 -164.51811193650769 -179.73033880418348 -177.18133052702873 -176.28043586977066 -181.00234493132561 -177.21885090489542 -180.65702376827116 -169.64685206259452 -177.64432402580016 -182.85587532289566 -177.88783067272556 -175.42115808302356 -178.97189921717489 -169.68634082425027 -182.47769509592365 -168.30936136553365 -174.60903290779359 -188.13792271767892 -174.60468193792528 -165.71092224121094 -183.72896083708733 -177.60761703983431 -174.72102946619833 -184.73582901493197 -174.19697570800781 -182.1187485725649 -173.30823024626702 -168.57587875858431 -179.15272374306954 -182.67274425875755 -168.30620058121221 -179.66858796150453 -179.70047292401713 -174.53429880449849 -172.82208153509325 -178.19552218529486 -178.44691836449408 -179.48563901839717 -179.43106620542466 -172.1183132048576 -182.46175359910535 -173.66218468450731 -175.46380566012473 -186.31916907525832 -182.08656704810357 -187.89388890420236 -165.97013805758567 -173.07564323179184 -180.00314331054688 -178.55402398878527 -173.12094977594191 -181.71577453613281 -171.68867394231981 -171.69770222325479 -174.19340958133822 -171.59423778903098 -177.98512391121156 -182.30673734603388 -172.60279353972405 -173.98171406407511 -182.6386231453188 -173.97102897397934 -181.57321806876891 -192.1995091592112 -154.52309811499811 -180.08164535030241 -180.8679922780683 -174.6335729783581 -179.51804204140939 -180.5479465607674 -171.60012866604714 -173.95754807995212 -176.02190768334174 -169.61335902060233 -186.5834020799206 -174.89938772878338 -180.8006084811303 -174.38564694312311 -168.43296961630546 -175.36849581810736 -172.99101109658517 -185.89808802450858 -165.51616102649319 -192.53949368384576 -171.05237850066155 -170.40175579440208 -172.64629930065524 -178.81037041448778 -171.37382384269469 -181.67902792653729 -183.34349060058594 -168.12529951526272 -188.96381156675278 -162.73208125945061 -186.84954390987272 -185.06537948116178 -175.4818602531187 -169.1703875141759 -185.75590859690021 -173.03764909313571 -184.26437919370591 -181.29912591749621 -166.23273886403729 -184.0135507891255 -159.54795443627143 -180.51135721514302 -172.2345197123866 -196.3498997842112 -170.60138333228326 -173.59999305971206 -178.09840713008757 -166.78889982161982 -185.92442469443046 -179.49883270263672 -188.14099908644152 -175.42813208795363 -187.84127881450038 -150.18150428033644 -191.22318341655117 -179.57527603641634 -172.18300308719759 -184.90291078629033 -172.75918579101562 -166.20601826329386 -171.63188762049521 -169.13396724577873 -173.77462473223287 -187.89114453715663 -171.52167289487778 -177.34975014963459 -180.17049383348035 -168.48143694477696 -176.03814648043723 -182.74189856744582 -181.04959795551915 -174.60030192713583 -186.15819648004347 -163.04189325148059 -181.44900512695312 -174.06062833724482 -175.66599938177293 -182.14132493542087 -179.64106061381679 -166.03117912046372 -182.53197897634197 -165.32662250149636 -182.80188972719253 -182.80052381946194 -173.94521996282762 -175.40265606295677 -180.87071769468247 -171.95896911621094 -171.62515652564264 -188.49129166141634 -173.05833533502394 -180.94808024744833 -171.80214075888358 -170.90015608264554 -181.84999773579258 -180.7100367392263 -170.25562458653604 -178.34557514805948 -177.87408250378024 -168.19535581527217 -188.10695771248109 -170.90690957346271 -184.03511982579386 -172.12493231988722 -180.39609896752143 -174.66156227357925 -180.10626319146925 -180.79859628985005 -174.02687466529107 -182.40699694233555 -165.88126151792466 -185.92967544063444 -173.94718883883567 -177.64025091355848 -175.27988876834993 -175.48352690665953 -182.00833818989415 -168.03143630489225 -192.13187826833416 -166.25988892586 -184.39202093308973 -172.89905843427104 -182.39963900658393 -171.42030629804057 -180.78779798938382 -172.82463935113722 -169.54756238383632 -182.15404682774698 -161.49675135458671 -185.98103578629033 -171.73177288424583 -172.42843431042087 -176.54028172646798 -185.0334733532321 -176.56376623338269 -174.42066660235005 -183.69730254142516 -170.45893909085183 -186.16531470514113 -169.78976489651589 -190.57810678789693 -175.9603045063634 -176.18914302702873 -163.21296470395981 -180.76537101499497 -175.25153473884828 -173.63245564122354 -186.69794045725178 -164.21752511301349 -182.57534986926663 -159.70650629843436 -182.55319509198588 -169.62358019428868 -194.24416572816909 -163.23499322706652 -185.99406531549269 -173.74228742045742 -171.01475918677545 -183.14703516806327 -178.47342706495715 -184.40093698809224 -179.56492122527092 -182.88374377835183 -172.60049512309413 -181.31811671103202 -170.24115359398627 -179.73771470592868 -180.63947173087828 -176.05441874842489 -173.1805690642326 -175.98626512096774 -177.04291559034777 -166.44969398744644 -187.31440537975681 -168.14296033305507 -183.38810976089971 -174.48897404824532 -174.70278881442161
